Transcription Factor	Observed Overlap	Excepted Overlap	-log10(E-value)
gata1	20	2.08727272727273	12.856
gfi1b	3	0.541010101010101	1.752
esr1	11	3.64626262626263	2.853
pbx2	10	1.1169696969697	6.518
rcor1	14	1.83919191919192	7.978
cebpb	8	3.51919191919192	1.561
brd4	27	10.1725252525253	5.063
nfic	6	1.4949494949495	2.358
tbx21	4	1.37575757575757	1.292
junb	10	0.767272727272727	8.012
runx3	4	1.06909090909091	1.629
stat5b	2	0.497575757575758	1.048
foxm1	3	0.610707070707071	1.616
atf2	3	0.656969696969697	1.536
tcf7	1	0.132929292929293	0.905
batf	3	0.653535353535354	1.542
nfatc1	2	0.571111111111111	0.949
myb	9	1.17191919191919	5.395
maf	5	0.943838383838384	2.542
bcl11a	3	0.556565656565656	1.72
irf4	7	1.4220202020202	3.167
mta3	11	1.29818181818182	6.869
bclaf1	6	0.962222222222223	3.313
rela	8	2.56121212121212	2.311
pou2f2	5	1.60565656565657	1.62
stat5a	9	0.324242424242424	10.088
tardbp	4	1.40969696969697	1.261
aff4	2	1.00121212121212	0.577
mef2a	1	0.38020202020202	0.5
myc	22	5.36868686868686	7.211
gata3	6	3.12707070707071	1.012
znf207	3	0.415151515151515	2.057
creb1	13	2.08020202020202	6.493
med1	4	3.14848484848485	0.413
etv6	2	0.549292929292929	0.977
pax5	4	0.786060606060606	2.068
zbed1	2	0.326464646464646	1.367
trim22	1	0.470707070707071	0.425
sp1	5	1.42686868686868	1.814
spi1	11	4.28525252525252	2.327
bcl3	5	0.781818181818182	2.894
crem	10	0.697979797979798	8.396
gabpa	14	1.91272727272727	7.769
cdk9	13	1.24525252525252	9.057
ddx5	2	0.733131313131313	0.776
ikzf1	8	1.35555555555555	4.068
mier1	10	0.29030303030303	12.046
hdgf	13	0.821414141414141	11.236
atf1	14	1.04060606060606	11.119
pou5f1	10	2.42888888888889	3.655
smarca4	10	2.79757575757576	3.183
dpf2	13	2.06565656565656	6.527
pknox1	12	0.719191919191919	10.686
snai2	4	0.873535353535353	1.914
pbx3	3	1.0030303030303	1.092
mta2	9	0.59010101010101	7.851
meis2	9	0.716969696969697	7.14
ctcf	23	8.1230303030303	4.841
znf263	11	2.38949494949495	4.383
stag1	22	6.11131313131313	6.278
chd8	7	2.58444444444444	1.778
max	17	4.31515151515151	5.513
eed	6	1.48909090909091	2.366
tead4	9	2.23212121212121	3.284
tal1	16	2.52828282828283	7.904
gata2	11	3.68969696969697	2.813
mllt1	10	0.829292929292929	7.699
klf9	4	0.642424242424242	2.37
nr2f2	12	1.42181818181818	7.414
atf7	10	0.938181818181818	7.206
ncoa3	4	1.14666666666667	1.533
ncoa1	11	0.405656565656566	12.073
trim28	12	2.38505050505051	5.1
cbx3	10	0.834141414141414	7.676
hdac2	7	1.25737373737373	3.48
ep300	12	3.60989898989899	3.421
zeb2	10	0.885252525252525	7.437
jund	11	2.32969696969697	4.481
sox6	5	0.514141414141414	3.709
nr2f1	16	1.99717171717172	9.327
znf384	5	0.604444444444444	3.39
arid3a	8	0.576363636363636	6.742
ldb1	5	0.195555555555556	5.693
arnt	10	2.9559595959596	3.005
neurod1	7	0.494949494949495	6.028
foxa1	19	9.45393939393939	2.39
fosl1	6	1.00666666666667	3.211
cebpd	8	0.426464646464647	7.731
rest	10	2.40242424242424	3.692
pml	8	0.654949494949495	6.328
hdac1	9	0.919393939393939	6.246
nbn	7	0.484242424242424	6.09
zmiz1	5	0.160606060606061	6.108
nfe2	8	0.675353535353536	6.229
tbl1xr1	8	0.336969696969697	8.515
maz	7	1.03757575757576	3.982
nr3c1	6	2.59777777777778	1.311
nfe2l2	3	0.652323232323233	1.544
id3	6	1.01959595959596	3.183
irf1	6	1.41313131313131	2.475
rfx5	4	0.38969696969697	3.152
elf1	8	1.49656565656565	3.777
zbtb11	6	0.171111111111111	7.521
jmjd1c	5	1.21616161616161	2.088
yy1	10	2.63959595959596	3.375
runx1	19	3.31393939393939	8.56
znf639	1	0.144040404040404	0.872
rfx1	5	0.0436363636363636	8.896
tcf3	13	1.37414141414141	8.552
nkx2-2	11	1.38969696969697	6.58
mafk	2	1.56848484848485	0.333
creb3l1	6	0.335959595959596	5.824
ciita	3	0.0218181818181818	5.769
erg	20	3.03272727272727	9.999
foxk2	6	0.563636363636364	4.56
mynn	6	0.27959595959596	6.282
znf24	6	0.402020202020202	5.381
brd3	3	0.363232323232323	2.215
foxp1	7	2.7139393939394	1.676
nfrkb	7	0.49010101010101	6.056
dido1	5	0.167474747474748	6.02
e2f7	2	0.199393939393939	1.759
notch1	3	0.887272727272727	1.216
arid2	5	0.482626262626262	3.835
znf143	9	2.26525252525252	3.239
tbp	7	1.00828282828283	4.058
foxo1	6	0.888888888888889	3.492
ets1	6	1.04464646464646	3.129
foxa2	6	3.10282828282828	1.024
cdk8	10	3.4959595959596	2.483
hcfc1	5	0.495959595959596	3.78
bmi1	2	0.0563636363636364	2.815
mxi1	5	1.02020202020202	2.4
ezh2	11	5.50787878787879	1.594
trim24	5	0.7	3.105
oca2	5	0.678383838383839	3.165
sin3b	5	0.227474747474748	5.377
sin3a	8	1.91777777777778	3.075
pdx1	5	1.02	2.401
cux1	6	0.445858585858586	5.127
kdm4b	3	0.254747474747475	2.642
med26	7	0.498181818181818	6.009
ar	14	8.42808080808081	1.313
atf3	5	0.947272727272727	2.536
ahr	3	0.956969696969697	1.139
runx2	6	2.92787878787879	1.115
tfap4	3	0.698383838383838	1.469
etv4	5	0.313737373737374	4.709
brca1	5	0.267878787878788	5.036
etv1	3	0.331313131313132	2.324
xbp1	7	2.41838383838383	1.919
rbpj	3	0.67939393939394	1.499
kdm1a	7	1.71050505050505	2.712
zkscan1	4	0.738989898989899	2.159
nkx3-1	4	1.20060606060606	1.471
bcor	3	0.706060606060606	1.457
tcf7l2	6	1.34969696969697	2.572
usf1	5	0.857575757575758	2.72
znf175	4	0.754343434343434	2.129
hhex	3	0.0218181818181818	5.769
smc1a	6	0.734545454545455	3.933
ubtf	3	0.335959595959596	2.308
tgif2	4	0.128686868686868	4.987
hbp1	4	0.262626262626263	3.794
rad21	6	3.06606060606061	1.042
cbx1	6	0.776161616161616	3.804
hif1a	9	2.19050505050505	3.342
arrb1	4	0.085050505050505	5.691
pias1	5	1.58808080808081	1.638
smc3	6	3.10444444444444	1.023
zc3h8	3	0.150505050505051	3.294
taf1	5	1.06161616161616	2.328
srf	4	0.338787878787879	3.378
fos	3	1.59313131313132	0.668
six5	4	0.197777777777778	4.264
ebf1	5	1.34969696969697	1.908
taf3	4	0.488080808080808	2.794
hnf4a	5	1.2840404040404	1.993
fosl2	3	1.21979797979798	0.904
mbd1	3	0.116969696969697	3.612
zbtb33	2	0.20040404040404	1.755
hoxb13	3	0.597979797979798	1.64
ssrp1	2	0.273737373737374	1.505
klf1	5	0.309494949494949	4.738
zhx2	3	0.182828282828283	3.051
tcf12	9	2.78383838383839	2.63
hnf4g	3	0.374949494949495	2.177
cebpa	4	0.651717171717172	2.348
hdac8	1	0.488686868686868	0.413
ncoa2	1	0.355555555555555	0.524
nfkb2	5	0.188686868686869	5.769
relb	2	0.0436363636363636	3.034
nfkb1	6	0.428484848484848	5.225
twist1	3	0.869090909090909	1.238
nr5a2	1	0.0563636363636364	1.261
esrra	3	1.8010101010101	0.569
tfap2c	5	1.75656565656566	1.477
tfap2a	2	0.226464646464646	1.656
kdm5b	8	1.61151515151516	3.564
creb3	1	0.256161616161616	0.646
sox2	3	2.28222222222222	0.399
gata4	3	1.10909090909091	0.994
smad2	1	0.0622222222222222	1.219
gata6	3	0.967474747474747	1.128
fli1	15	1.43797979797979	10.334
ezh1	5	0.28060606060606	4.94
tp53	6	1.30363636363636	2.646
suz12	3	0.906666666666666	1.194
smad1	3	0.376363636363637	2.173
zeb1	3	0.874343434343434	1.231
bhlhe40	2	1.02121212121212	0.565
cbfb	5	2.13212121212121	1.185
spib	1	0.455555555555555	0.437
cdk7	2	0.725050505050505	0.784
bhlhe22	1	0.110505050505051	0.98
gtf2f1	2	0.687474747474748	0.82
nfyb	2	0.243838383838384	1.597
ncor2	1	0.27010101010101	0.626
mef2b	1	0.0791919191919192	1.118
gtf2b	2	1.26929292929293	0.441
stat1	3	1.00808080808081	1.087
chd2	4	0.703232323232324	2.233
bcl6	4	1.2579797979798	1.409
setdb1	3	1.27171717171717	0.865
chd1	2	0.97979797979798	0.59
klf4	4	1.74323232323233	1.001
sap30	2	0.411919191919192	1.189
e2f1	2	0.78949494949495	0.727
elf3	3	1.77313131313132	0.581
brd1	2	0.306666666666667	1.415
kdm4c	1	0.527474747474748	0.387
e2f4	2	0.38969696969697	1.231
csnk2a1	2	0.155757575757576	1.961
phf8	2	0.678989898989899	0.828
egr1	4	0.454141414141414	2.908
hsf1	18	3.05818181818182	8.321
klf6	3	1.29010101010101	0.852
rbbp5	2	1.08444444444444	0.53
kdm5a	1	0.161616161616162	0.826
nipbl	3	0.567474747474748	1.698
gspt2	1	0.122828282828283	0.937
tp63	6	1.28747474747474	2.672
stat3	12	1.89050505050505	6.115
tbl1x	1	0.44969696969697	0.441
rxr	8	0.708282828282828	6.076
hexim1	10	0.904646464646464	7.351
rara	1	0.34989898989899	0.53
egln2	3	0.884646464646465	1.219
thap1	1	0.158383838383838	0.834
srebf2	2	0.492323232323232	1.056
rad51	1	0.246666666666667	0.66
mitf	2	0.565050505050505	0.957
hmbox1	1	0.42	0.465
ncor	5	0.445656565656566	3.995
cebpg	1	0.337171717171717	0.543
hnf1b	1	0.637979797979798	0.326
mafb	2	0.548080808080808	0.978
klf5	3	0.531111111111111	1.773
smarcc1	1	0.391717171717172	0.489
smarcb1	2	1.08323232323232	0.53
pparg	2	0.763838383838384	0.749
crebbp	2	1.15454545454545	0.494
grhl2	1	0.585252525252525	0.354
prox1	1	0.240808080808081	0.67
nkx2-1	1	0.774545454545455	0.268
nrip1	1	0.696969696969697	0.299
smad3	2	1.32	0.42
mnt	2	0.545858585858586	0.981
smarcc2	1	0.0876767676767676	1.076
nr1h2	2	0.472121212121212	1.087
cdx2	2	0.574141414141414	0.945
cbx2	1	0.753535353535353	0.276
usf2	2	0.339191919191919	1.337
rfx2	1	0.00424242424242424	2.373
kdm6b	6	0.412525252525252	5.318
jarid2	5	1.03757575757576	2.37
prdm14	2	0.519393939393939	1.017
ctcfl	2	0.545252525252526	0.982
mbd2	2	0.0547474747474747	2.84
cbfa2t2	1	0.395555555555556	0.486
lmo2	2	0.866464646464646	0.667
mycn	2	0.984646464646465	0.587
e2f6	2	1.13979797979798	0.501
ctbp1	1	0.604848484848485	0.343
zfp36	1	0.273333333333333	0.621
smad5	1	0.408484848484849	0.475
nrf1	1	0.645454545454546	0.323
rnf2	1	0.819191919191919	0.252
elk4	1	0.0707070707070707	1.166
mta1	1	0.253535353535353	0.65
elk1	1	0.166868686868687	0.813
cxxc4	1	0.22060606060606	0.703
taf7	1	0.225454545454545	0.695
sox9	1	0.177575757575758	0.789
irf2	1	0.19030303030303	0.761
nfya	1	0.365050505050505	0.515
sp4	1	0.231717171717172	0.684
ctbp2	1	0.475757575757576	0.422
znf318	1	0.0664646464646465	1.192
gatad1	1	0.0941414141414141	1.047
sp2	1	0.17010101010101	0.806
zhx1	1	0.42949494949495	0.457
vdr	1	0.588484848484849	0.352
dek	1	0.389090909090909	0.492
kdm4a	1	0.77939393939394	0.267
snapc1	1	0.0654545454545454	1.198
klf13	1	0.246666666666667	0.66
chd7	1	0.119595959595959	0.948
ell2	1	0.828080808080809	0.249
rxra	1	0.450707070707071	0.44
ash2l	1	0.45030303030303	0.441
foxp2	1	0.20989898989899	0.723
nono	1	0.186060606060606	0.77
asxl1	1	0.0787878787878787	1.121
taf2	1	0.00848484848484848	2.073
maff	1	0.916969696969697	0.222
ddx20	1	0.247272727272727	0.659
nr4a1	1	0.211111111111111	0.721
pou4f2	1	0.439191919191919	0.449
nelfa	1	0.0892929292929293	1.068
cdk6	1	0.374747474747475	0.505
dnmt3b	1	0.128686868686868	0.918
pax6	1	0.101010101010101	1.017
zmynd11	1	0.0866666666666667	1.081
tfdp1	1	0.144646464646465	0.871
sirt6	1	0.085050505050505	1.089
sox13	1	0.156363636363636	0.839
zfx	1	0.27959595959596	0.613
